137
867
3326
5165
884
8186
5769
4417
9006
8355
1470
1254
8534
1909
8850
4803
9456
3419
2376
3388
3813
6620
3416
3129
4759
8258
2334
4623
129
217
1806
5406
4077
9239
1077
8807
7184
2018
3210
3335
1264
322
7396
5876
2277
1557
6229
978
5101
9768
1748
6451
3578
7305
4857
9577
4342
5510
1585
6425
7223
1409
8689
2798
2029
9859
4630
5895
9831
2073
9131
3199
8006
2624
3509
4982
1658
5097
6889
3968
4616
1432
8429
4282
509
5087
9691
3317
8892
7682
1873
817
5747
4887
6294
2039
2204
2060
4487
4115
2863
9908
7279
6556
3365
6703
86
6449
2199
4933
3392
6753
9333
4015
8806
4839
6114
8819
8834
1617
8604
2170
8595
6443
9898
6495
161
4397
6431
806
2042
9357
1627
9590
9051
9922
4064
2724
3514
8471
7089
1614
7776
216
935
2081
948
3741
3357
6664
4147
4960
5483
2530
6539
667
449
3166
7030
8563
2025
1029
5108
4603
2255
5715
1410
1479
5084
6388
4791
6910
381
1160
2364
1210
7922
1010
4939
5312
4995
8755
2016
3606
3021
5101
925
1174
8122
7047
7162
5470
63
9692
7705
144
7966
9616
1336
7549
1644
3585
6799
2889
6813
3141
7161
587
5611
326
5695
7380
8710
8823
6960
1401
533
4385
7325
1438
3690
1422
8608
2225
2692
5777
5005
9553
8494
5712
1457
9945
277
1888
9623
844
5879
7259
7401
1950
9862
1136
7380
157
4523
664
4612
2043
2776
7104
9582
3913
390
4968
1741
3905
5901
695
4435
4976
7282
648
8561
462
6218
6357
3699
6700
4397
5262
5922
2136
3398
7750
3005
6304
3463
1819
4050
7201
3273
5024
8245
9786
5760
9688
2083
9874
9437
6625
6529
9251
5326
683
2349
577
8944
8404
5462
3787
7668
4881
2040
525
4912
1770
1039
9407
7692
1955
5597
8846
4812
99
5238
3621
6750
9891
7992
792
5961
5285
5449
7212
5622
1053
3416
4774
5914
8160
7318
8079
1153
1128
2413
2912
1703
2002
7198
8368
15
1301
5385
2487
6359
5678
3637
4702
1538
4844
2992
2854
7221
3669
9392
6657
1550
1699
1479
5424
1629
6255
1861
1034
6135
4888
2199
566
6863
6832
5134
3846
7541
9188
939
5696
8075
7205
5445
5017
8146
5176
3773
1776
1348
3062
537
2149
4794
368
1069
6708
7725
1796
2184
4594
6729
6164
7241
1955
3774
1737
9474
1301
1200
3588
549
8220
5343
5452
5420
7595
1649
7545
7573
9420
3530
2188
7705
108
1917
5865
8286
2918
141
9762
6562
8250
3709
7457
4664
7898
3125
1713
7887
1
9302
2522
4750
1168
6548
8311
1948
4183
1010
4822
8731
284
3212
9979
7621
3354
2237
3137
1502
1081
3681
958
985
150
9669
8962
39
4800
4683
8956
6313
1199
2473
105
631
7776
3393
7818
4922
1520
3451
2768
2739
8757
7502
8967
638
5860
3406
7564
289
9042
9183
557
527
2043
5479
8491
4714
6840
7922
62
5924
2273
2639
3654
6502
1359
1319
6681
7017
5068
2078
7646
1490
1642
979
9108
8859
9789
5586
5679
9244
565
7944
1777
5993
2843
2662
3217
4309
4360
7278
2939
9732
6525
554
9892
9262
386
1645
8151
8319
8622
5777
3969
8587
6976
4543
3174
1279
6264
6990
5086
3682
5765
8898
8287
2923
2396
8005
8840
6428
7554
8292
7831
796
1510
7504
3975
4003
7901
2741
938
7998
5979
3047
7775
3154
3531
8776
7984
3213
315
4358
1755
6584
9639
4801
9851
9512
8321
2218
6930
484
8250
9991
757
9265
1264
8260
452
7273
8195
3987
1108
9339
6597
8228
4507
1947
3902
3631
8152
6410
7785
8446
3692
2000
3087
6568
3049
6086
7774
8104
5237
2144
2405
3708
6475
1015
2607
6313
7038
677
2297
5132
2555
5466
7906
732
7946
1723
8286
4539
1200
6138
6295
810
7509
4176
6624
8524
5373
6999
1223
1971
6981
7189
9735
2727
1275
4994
8855
8613
4794
7322
6115
996
9985
3822
4308
1250
8223
7205
3599
3757
6830
2608
55
5598
7721
428
2943
5440
3322
9632
9376
9839
4053
933
3252
123
586
9589
1261
8923
3003
4829
1172
5358
2363
3244
6481
5436
5471
4718
2468
1916
8628
9378
9679
2639
2604
678
4864
8601
7526
3925
6718
3360
2857
8822
1343
7436
5597
6758
5283
3391
3158
4960
1521
6542
4157
4249
76
8205
797
8840
2978
8457
1687
8786
3953
1887
8179
1700
6726
4602
6580
889
1715
1481
4053
3532
7868
591
8326
6935
7983
2980
3054
6985
1486
3945
811
1094
250
1993
6413
5417
989
8491
1723
1669
2963
7411
6049
585
2934
4120
9543
4369
4709
8048
1295
8649
1281
9480
3834
2653
1316
6224
2823
491
5934
851
7433
8826
9117
4564
4036
5012
6856
8676
8340
463
9656
7200
314
7641
2772
1526
6340
7185
7751
1624
9272
5347
816
202
2765
2939
7494
7078
9190
9099
3142
9951
5355
3848
9978
7250
677
2718
264
4920
3446
1171
9924
7096
6451
9337
4947
2713
8576
2413
2253
3957
886
4557
9822
9082
83
3719
9177
1210
8014
4572
2073
7986
1909
547
6
7207
8117
5577
9328
9116
8277
9542
4780
560
8448
3372
7592
5525
5549
809
1292
7019
6300
5915
5342
4875
495
1699
1858
2928
5059
1010
6845
7551
2538
4976
516
1991
9767
2843
2406
1331
9221
1645
4690
1613
8723
9334
8934
1229
9872
8904
6886
1391
7599
322
2949
5458
7367
3316
4723
3244
4234
7425
8179
731
4496
9987
296
1798
2159
5608
6060
3746
9673
7705
6956
1841
9954
6892
595
2117
6269
6767
305
515
738
1973
6071
9058
2910
5406
7234
3042
3926
8766
2178
9081
857
3903
8278
248
1938
5618
2902
1933
1383
7649
1597
6002
6161
9568
736
3794
5640
8322
9919
7244
5802
3192
3271
912
8087
7284
2418
8454
2700
7084
7836
9902
2603
7001
8450
7554
2067
3471
1129
455
8305
5303
1097
6274
8275
9704
5252
