2444
9281
5005
8004
7370
499
247
5722
7506
4918
5105
438
9913
4635
5215
5037
6348
6971
3593
5024
5860
2877
943
1514
1909
34
5865
3801
5216
1662
8412
5894
57
7138
4744
1746
6194
6970
4430
6767
9350
2000
3855
6329
8467
1068
9216
9359
9582
745
7514
9746
922
772
9469
9577
6915
4659
1285
2109
2005
4608
9124
7112
6890
7729
8815
9925
8752
8486
3973
7012
5256
2526
2474
9757
5755
3189
1858
3854
6343
3774
168
1378
1671
41
7518
3344
9089
82
8479
2861
2041
6262
7120
5951
1379
34
1046
2912
1238
7690
8833
1707
3419
2866
2421
854
5989
4397
6905
4059
7994
1119
8344
5157
7983
5873
6597
820
4963
5201
2396
6829
1474
291
708
5920
8041
3977
3376
7223
5977
8794
9716
9161
1556
5729
8437
5064
6725
4501
3161
9709
3452
9249
2078
5213
759
3711
1687
4248
9900
1077
9776
9311
3250
3772
2402
8511
8656
1465
6370
7982
6525
3499
4468
3137
711
768
830
55
5519
227
8967
3798
4513
6886
9598
5888
9905
4679
4534
8321
2769
9043
5359
1768
6335
9348
8064
2064
8011
1624
272
1642
3174
5216
8325
8616
2727
6657
8484
9352
8791
1978
5078
5947
8412
6371
891
5025
9170
3998
4440
6435
4373
5789
1484
7437
1564
1312
1681
8790
8735
5560
3966
909
8793
2477
6089
3938
376
937
2394
862
3905
8143
8698
6591
5793
9243
6698
7684
9519
4904
4705
6690
5677
7128
9389
9105
6220
8931
9514
4358
5151
5455
7440
877
3432
6055
4662
5362
2911
6732
869
2940
3457
2021
9416
9239
5909
8692
9775
5613
4762
1655
4675
9713
6140
2247
1876
4391
4437
4385
4350
915
6224
2239
4729
9933
7384
674
5600
8013
7104
1949
7145
760
6300
9937
3715
3431
9116
6225
1454
9713
4920
4529
9348
3525
8327
416
1334
6838
8890
9967
4529
4562
4821
5709
5903
2001
9358
6912
3433
183
5470
7938
3130
9397
1844
6566
7615
3059
9305
6965
731
5554
894
6730
919
97
1553
886
8310
4623
6687
5296
4151
1799
6067
3357
8580
3565
3100
2168
5095
9427
797
5214
7452
2632
2862
4968
2481
6334
5392
4710
1097
1078
6862
5861
8704
8138
5583
4300
3546
4967
71
5561
629
3941
125
563
1196
3781
6440
7211
4029
8374
9874
532
5042
3059
5087
5724
843
6525
982
9254
8269
8160
2110
8262
5732
1220
6068
7304
1508
3459
8616
5309
7069
4161
1496
4227
6749
317
2420
4639
6351
4211
6097
9962
7377
9676
969
2661
5267
9875
9439
9707
123
948
1648
8850
6278
9299
9909
8652
9145
3653
6229
4080
4838
5327
2616
4928
8281
7338
7318
5624
7234
4240
4925
8018
2493
6774
113
4856
1005
8757
9838
8439
4823
7126
1546
4764
5610
2058
9781
9470
2621
3363
8706
3127
2705
7635
3023
1584
9445
7455
880
7608
1097
8623
1995
3617
7418
1253
2924
632
7915
4711
216
895
2101
6890
2238
744
8789
5645
8585
1360
4547
5808
2579
3973
7940
688
1204
4758
5733
1232
9672
2070
136
276
7470
5740
7675
4893
3756
7145
6307
6844
2512
9687
2600
1205
3842
1147
7210
3810
2933
423
6625
3808
8028
1583
4930
9962
7273
9637
8205
657
9120
1587
4083
5477
2363
5909
7445
7746
5399
5360
2856
7289
2107
83
5093
6826
5672
6520
6909
795
4796
1959
2777
8840
385
4088
2223
6775
2931
4962
4240
2054
4078
2261
9119
9843
9205
6737
5724
8248
7647
8033
7742
2018
7292
7895
2576
2492
726
9268
5426
8509
1379
8244
272
4890
9350
644
2383
3577
6853
8914
7140
2835
7141
6384
4367
5989
2801
3763
7860
1876
8026
4846
3754
602
5096
7814
6236
945
7759
5890
5150
8283
6669
1586
8762
6364
1391
2200
8503
868
2755
7303
9915
525
1016
9639
4839
1821
4514
401
2145
4504
7674
9613
2831
9446
7986
630
3711
3868
5750
199
7796
426
8510
2341
6362
784
7024
2280
5418
1326
2898
8726
4409
4678
3117
4782
1964
9824
2045
4542
4358
2682
8309
1106
4705
3962
3279
4410
5339
2786
5969
150
9960
7550
4651
4784
2709
5420
1405
678
5693
5545
1558
8371
8260
4724
5143
9977
8800
1458
38
4622
3976
2125
6238
4064
5685
4345
5187
3749
2821
2757
9939
5779
4398
4746
1608
777
5407
5187
9674
5288
3954
9465
1234
7842
5294
4346
5834
1725
3658
2406
1584
9108
2667
4069
2040
8299
350
4632
6049
1100
3985
3915
4192
3587
6843
8947
7912
7634
1692
1770
7500
7778
8703
2596
3291
1063
7421
8956
5882
7854
1099
2257
2447
4501
7283
3495
7177
8104
7168
5483
4669
6164
3730
5798
8220
2713
4082
8909
5584
6497
9840
1187
1909
1991
8008
9676
4980
4181
898
783
7082
6175
8777
7606
7944
8646
5139
613
3684
9754
543
8485
188
191
4606
8588
8266
4986
9335
9659
4355
3144
8494
3524
714
667
7135
1381
1970
4386
3156
5157
6224
5780
8823
538
7135
1737
5553
7061
4317
9189
4080
9467
4946
930
8151
8080
8784
3113
8895
4050
8454
9180
1147
2991
6127
2179
74
7524
4296
17
1286
8884
4159
354
6825
4177
1431
8739
5551
7930
4023
622
6758
752
8290
8017
6818
262
9857
7210
1597
4182
4381
9441
8667
970
489
4770
3116
109
1595
7701
1083
9935
2443
8844
2787
3614
1460
8808
2658
5928
1864
2616
5605
4186
9377
3600
4770
3283
4993
2306
5781
874
1370
1531
498
1272
7002
7036
9369
900
815
9027
472
3690
4088
6134
4138
3911
2939
5180
1981
1251
3315
8616
6818
9451
914
579
6557
1721
5700
5940
6507
5715
1780
6990
7556
7437
4599
502
7350
5068
5910
1408
4417
1449
8362
3909
8833
7117
7968
3827
8486
5471
3020
4129
1615
6807
5545
7021
9253
3790
1966
2148
6484
2916
8749
4718
7572
4958
1333
3971
502
5706
6503
494
9625
9136
2405
4220
637
839
