7368
8532
2277
5734
1662
5497
3200
5434
7167
1223
7259
1415
2972
6735
5615
1878
749
72
2342
9521
6694
8135
2466
8393
6885
9133
5249
5140
8631
6268
1704
6097
7962
1175
7372
7945
2957
1958
6975
84
5972
787
7848
6501
8248
1092
427
1524
1051
8837
2648
1285
1033
3745
2528
3850
2842
2077
1985
9202
8932
3185
6466
5772
5965
6452
3642
8396
7293
835
8059
6425
2290
3229
828
5232
1630
6494
7557
3497
3851
486
8835
4116
6831
9781
1803
4415
8730
7638
4443
8951
5596
7365
5996
5432
3652
3662
1780
1604
5955
5588
1448
8460
4366
4186
2894
1437
1442
2513
7840
153
5602
2159
3645
6785
6252
4520
2793
4733
5755
3628
117
9448
3765
4813
7305
4554
2788
4299
2974
2323
5841
7181
7720
721
7564
1902
3840
7327
2648
1810
752
9146
8660
2196
6920
3888
9861
5725
2510
7703
558
9811
6289
2040
2514
5292
6494
7750
4768
2829
2251
6207
6716
6675
9969
2894
8095
7661
4408
6793
2021
7124
5130
6558
7492
6169
6937
3365
5836
7369
5404
482
8090
5871
9124
1467
1670
8438
8478
2448
4573
8089
4193
8075
9737
7002
3718
9749
3995
3979
6664
6433
3819
268
1601
5338
6518
1729
5140
7269
3398
1855
7497
4818
9792
1700
6210
8773
8983
2784
6077
2651
2670
7923
8498
443
8394
7508
7068
2810
9765
8860
5924
6683
9439
9277
9
849
5311
3026
1516
4514
2008
4164
9752
8139
4615
9125
1551
7258
5944
4797
5567
860
8840
6191
1571
611
6020
4040
54
6387
6369
4979
626
9865
6629
9323
8679
904
9203
7582
7031
9458
6404
7034
8061
4512
9936
2440
2942
5998
8557
8002
5240
662
9614
8433
9720
9767
9356
967
5176
7089
4898
2358
6436
1056
914
9211
8541
1027
2533
7211
1159
9880
8624
5240
5181
4598
7890
6591
165
998
5817
2242
7725
5598
85
6381
6612
7131
5156
5111
1734
3259
2893
1367
4671
9381
232
5152
8289
5957
6490
5035
2017
5256
190
2783
2923
6288
3487
7008
7318
9316
4082
1137
2609
6120
7696
1943
1405
580
7330
2427
6741
8691
6085
3691
5079
2379
845
7423
9799
9220
533
9379
2537
5382
5876
3654
7243
8931
4619
2493
437
830
1851
6980
8233
3511
1348
978
9365
4069
7112
8472
3287
1806
2927
7399
9152
7846
5507
8891
1873
7985
4635
6343
4514
8342
3172
4686
1698
4595
9147
9755
2088
7559
3144
1118
6488
5680
4117
1140
6689
9906
124
5281
9139
2768
766
8893
5102
6986
5743
888
2373
5059
2527
1131
7073
5181
2260
5629
6627
1971
5747
190
6641
6035
9533
1652
5970
8151
5062
9375
1588
5807
1057
1083
5482
508
8455
50
660
6923
8150
2843
8790
748
230
9955
2058
4046
999
246
7522
3800
86
8986
6181
887
5230
2281
2603
4911
1003
9977
1332
3280
1594
7369
2258
1351
1677
3050
5783
2637
9258
2903
5320
8208
2883
7859
6417
6316
4752
9342
5475
5862
9224
3091
3448
1461
4607
3745
3207
1885
9145
4996
2723
9849
5965
6912
126
3077
6341
3097
7643
2853
913
2193
2848
4085
507
767
3530
5037
6773
232
9643
2321
4046
8669
2702
7907
8052
8305
2891
4853
5204
4261
550
2607
4189
1970
7938
5993
5634
8019
4579
7110
8798
1132
145
5453
7473
8986
5992
7092
8953
841
3549
3580
6396
1884
5739
7460
3089
4108
4442
682
495
5056
5697
5605
3085
1558
7795
4856
4329
219
2469
5027
5812
1149
6911
8284
8202
2106
6401
9574
5711
6596
1517
4011
3301
3891
8658
1131
7483
3415
1545
5969
4527
1401
5816
4926
6739
653
9379
6037
4861
3751
8163
5810
3321
2918
4511
7752
7514
4529
534
2597
1085
8301
9071
6788
4830
9032
5544
8847
8420
5429
4122
6158
2087
2996
2014
2192
1074
3197
7161
1893
7011
5497
754
887
6304
6478
308
9235
3555
3221
8542
7127
5302
9289
4280
9529
6586
3582
6545
1329
1105
2731
2787
3828
5708
1061
3512
4799
7886
6906
8758
4028
3007
7831
1797
1252
9084
6918
5106
1857
796
1624
9468
318
3614
2475
7659
1646
2878
4184
5568
7606
8710
8923
3656
2184
49
4656
5738
3645
6635
919
8064
6462
4468
6451
3362
4430
8611
7364
1613
3800
9239
5791
947
3040
969
3175
3020
489
6413
1307
5083
4803
919
7052
1451
5694
7883
376
8968
9487
6637
8104
5754
3102
9238
386
443
5194
7368
1180
5882
9193
1945
206
6024
3968
4475
8178
7696
1196
5148
5083
660
1786
2073
7343
9202
3353
6237
7939
405
2186
5127
2898
88
5249
1002
8
4853
8475
9375
7937
6124
3147
1477
3241
5007
5043
3464
6800
5722
8059
3646
4412
6144
9569
1422
7739
8112
6270
2380
4547
582
2225
6671
9208
6046
6922
8788
5450
772
9941
283
247
6391
2000
8175
420
6332
7147
9108
1156
1086
5819
1720
3858
8563
971
283
7137
4969
6113
7131
5278
2127
9720
2088
6558
5569
4814
9255
9257
6364
6748
5154
3539
8575
765
316
19
9762
7021
1763
4642
1360
2592
286
2993
1904
3517
3189
6151
546
5173
2607
4822
2980
9219
8726
73
8020
7009
2520
5932
5984
6900
9383
5880
5497
1334
4080
7418
2118
3582
3273
5038
3157
2734
4498
6109
8748
4297
4990
2336
7422
8111
940
2544
2793
4822
9309
8572
8108
6198
6170
7462
3173
673
4606
2379
8792
7742
6350
5436
6412
2769
1466
5005
672
392
6811
7210
7243
4292
7372
225
8801
850
4725
9968
8369
1093
3074
6508
3083
6386
4706
7627
2351
1464
5995
8814
593
5034
5563
1535
4328
3562
7850
8147
5237
4755
7307
2667
5809
4915
2257
8541
5808
7507
1966
6858
3233
8757
1831
9548
9287
7609
2579
5822
354
4236
3458
4440
5414
2477
2682
181
222
8877
6685
2339
7833
8819
2199
9030
482
105
6515
3977
6717
822
1116
3378
9757
8073
1025
2113
8787
7791
