7222
7169
1679
8432
9815
2008
4066
6067
6828
6436
6943
7061
3171
4727
2787
7523
1081
7662
9175
6477
4598
792
5133
898
5556
5714
5334
35
5949
3248
6256
8647
4866
8313
4669
8219
6664
5200
1887
4451
8252
5978
4207
3602
311
529
9180
4242
3645
3780
9489
2864
832
1544
9536
8823
2625
6416
6586
9607
150
9652
1008
2034
2471
9537
7524
2243
1107
429
152
9867
1456
1461
1000
5401
2303
5557
4916
741
8509
6483
4117
5370
9333
5992
5041
2718
9651
9500
3594
6095
4117
1101
3632
8683
2954
2107
9335
7884
2380
7460
691
3070
9769
8407
8304
8382
893
2039
4798
9937
7948
7598
521
7311
2859
3291
6374
218
7726
3881
9946
6862
9068
3758
5989
3223
8110
2237
4715
4250
9047
5640
8851
6881
4478
8149
5289
1990
5062
8428
1134
2970
206
9818
3903
1427
2212
5925
1363
1744
181
6445
8781
6059
9376
891
1906
650
632
1081
1828
3361
4376
5213
2429
8183
2897
4563
4424
1139
4974
2951
4120
7524
6873
9772
4604
5818
438
2715
7114
6788
6525
9419
1337
1527
4885
1481
3611
7767
8908
8980
950
5285
4675
1320
676
6853
1862
6662
1744
3739
2713
1036
1537
3314
1374
1654
8004
1912
5604
6624
9201
2890
7289
2886
5344
6695
8223
3611
2852
5411
765
4818
1173
2699
8332
9933
8988
5583
2098
2767
9655
1393
5276
880
4044
3737
4499
6765
4170
8306
9409
1641
8251
1701
670
7780
390
9136
7987
9621
6770
450
943
8551
4804
8453
4983
3902
5689
6761
1640
6901
8543
8505
8809
9238
3437
4684
908
8197
1780
6635
7219
8793
5901
2202
8191
3063
3009
7492
9619
1452
7640
4103
2103
9799
6265
2569
5385
6354
7072
4710
3789
7691
3501
4439
8885
4419
4745
5057
5628
3314
8132
3319
5677
5140
8154
8300
3105
6228
5204
7097
9460
3284
890
8279
9433
9734
3270
3178
6948
538
5475
4171
5061
4085
2821
2448
7429
2202
5747
665
472
439
2623
3338
3634
831
6214
6288
6055
6095
5410
6658
2843
5184
764
4454
5272
4312
4271
2300
5261
2444
6569
3067
4835
7926
7819
9638
139
9087
5871
3611
3139
8746
6184
5288
8776
1837
5797
1274
3350
684
7360
6211
5354
3236
6019
5159
3688
9984
1018
5572
7880
8108
7779
5291
4188
2644
2546
3839
7053
4695
1569
7753
7314
590
3365
6709
258
9123
9196
8877
5329
4815
562
864
8151
2436
6786
7199
478
3460
9945
2340
8442
4620
2407
7775
6419
1505
3199
558
1709
6085
6478
2232
729
2454
6728
4342
8116
7828
7709
6846
6397
6300
8683
7566
5492
1477
8077
50
4062
7590
6113
4178
5877
3011
8408
7450
7580
4562
4582
5895
3457
5822
7241
395
7051
9288
9302
62
322
8420
6015
2881
1501
9159
368
3071
5511
7723
2441
8819
3563
5900
9494
7408
9359
354
154
9921
6125
5292
2619
8734
5659
3717
7638
7591
4796
3798
291
1744
4848
8808
4883
7657
6166
2724
4438
3177
4962
7592
9257
9687
3322
2168
2044
1348
5642
3759
7698
6136
2423
2273
6625
8759
4337
2319
8506
7888
6417
2789
6130
7106
6674
7475
6911
668
1900
9526
5630
9503
1675
3491
7905
2481
8238
671
4422
2321
3083
8046
1586
9826
112
6918
7758
9287
5413
7023
4071
4377
2654
8457
6569
9768
4396
2170
6950
3835
7170
2851
7439
9301
2052
733
1909
4103
828
8645
666
3516
5223
8130
9777
8484
5676
1647
740
512
6861
6281
3139
7463
7878
1190
9738
2756
2594
9488
1772
7949
924
8349
8316
9295
9795
1964
8026
6251
5719
9406
6282
487
4816
6863
2928
3218
1487
1408
1767
6504
3227
7378
3170
7550
9885
4752
5082
3419
152
6489
5509
8756
3439
3561
4840
3362
1563
2388
3475
2113
8436
8638
5115
6151
956
6633
1669
5791
8027
4828
7933
7330
6821
8525
1782
1250
5144
139
3260
4834
4466
3210
9734
7636
7135
7979
3800
592
4671
7080
5412
318
4326
4041
3280
1553
1230
6550
3187
2784
9703
4937
6472
3042
334
7598
3989
1046
379
8171
1334
380
8772
6262
3778
6531
9183
2647
2176
2735
7269
7356
6786
5830
2850
4499
6462
1400
6969
6903
4382
2345
7813
1401
2702
909
3418
7194
3203
2126
1369
9939
2218
3997
5362
6034
5230
9203
5844
7729
5907
7426
7840
9092
2544
9869
9996
7199
7802
912
3539
8274
8810
7117
3593
8690
6961
4629
1644
4309
674
3616
3623
3161
1997
2665
160
5921
5260
8648
1425
6781
2103
7149
7060
2933
9522
7974
8887
6979
7510
5677
3711
8986
8428
8001
6664
342
3893
1264
4826
5649
9656
6030
3784
7327
5283
7268
8594
2456
4002
5303
7083
7231
3678
1284
53
6451
6684
5894
9463
5377
2006
3635
6080
4372
7367
7737
3414
3627
5200
4736
5015
2037
8808
1244
8449
299
2896
9330
125
1929
5348
580
2485
4859
3789
2939
3574
2657
6339
3744
4465
8398
6672
3719
6572
9795
2144
9784
8086
3011
9316
4219
215
7490
6806
8816
3717
863
2183
3432
6771
747
36
8371
2724
8005
9991
759
77
4115
1114
1641
7193
4799
8118
1212
390
1019
2265
8915
9340
9683
4566
164
4126
5646
7959
7516
7561
5440
9661
7257
7593
6735
9928
4711
3499
6848
4418
9978
4813
4478
2853
5365
2050
6726
1837
7061
9890
1985
9032
750
4925
3279
3834
2383
7136
5324
1726
6740
8464
8178
7110
3800
3523
7836
8803
4469
6271
8641
5696
9402
7114
6309
3625
8088
384
5480
9497
6488
67
8041
2849
7468
9933
1547
6228
8481
3217
3553
9727
9614
3103
8713
2006
139
8150
6339
7865
657
2371
6253
7702
9514
2008
8220
9592
1189
3705
5033
7838
3560
1855
229
7910
4354
3295
4106
2151
9868
6309
7616
4638
5963
7721
1433
9392
5782
9796
9562
607
894
8156
7254
9112
5438
5067
8424
4169
9376
9486
1613
2751
1290
9385
6923
813
2515
