9624
4146
3609
7190
7200
94
1296
5106
6659
2662
2682
5691
4019
6068
9672
7313
4526
3489
5322
4810
295
5580
7805
9359
9765
7399
3073
4992
5877
8271
4777
1493
4699
1382
2380
6034
2598
8334
2392
6741
3633
8148
5078
7359
9285
1030
2952
909
5596
9426
4687
6851
3136
3485
7882
4708
3266
5693
9688
7648
1863
4340
7662
8042
4541
7545
6132
6644
5515
4212
2602
9769
5702
2246
4393
5511
9424
2675
868
1224
922
9229
8204
811
170
3870
8882
2388
9368
8434
4216
6508
19
670
5729
3046
833
1377
4295
5680
1619
9269
2027
4754
4454
6594
9430
598
1958
2336
2878
7635
3229
8838
677
216
9209
4932
3612
1954
204
2489
7604
2778
2461
5634
2949
5422
4524
7904
8215
5626
1362
948
8878
1603
9062
1162
579
5056
7805
9232
5180
3285
8745
6897
9790
7421
6338
3378
7401
8995
3650
2759
1954
7005
1001
8035
9710
2390
6593
1819
3785
9079
780
2454
2423
9825
3722
2228
6690
7001
1319
9799
9394
2496
3041
6098
5978
3022
4983
4908
3359
4075
8092
4993
4948
8490
1627
4630
4368
4978
2533
5958
5649
6905
4550
4654
586
4127
1557
5426
2392
4389
3594
8106
3378
5289
3130
8780
5487
5583
2877
1047
3313
5917
4449
6361
1167
6755
5591
6942
2304
2469
347
3061
9283
2230
4882
3361
2396
4483
4796
2073
1689
8377
6104
7164
1282
3635
1415
8485
7871
5269
232
7926
8035
8206
7251
7508
3302
9741
9313
7183
7009
8564
4024
5340
5602
2881
9029
5009
5088
9518
4930
7869
8472
2679
3015
7681
5589
212
4140
1167
9519
3330
4733
6957
2218
6162
2982
4246
2959
5949
894
7934
5848
2834
8768
31
1684
8718
867
3253
7818
1799
92
2978
3195
5781
4778
5006
5824
6189
7103
6015
8786
908
3406
1921
8729
3900
2895
8835
412
6822
6256
5518
679
2948
8998
50
7531
8369
2033
2062
6511
5488
3357
5436
1988
9014
7684
7159
6422
5173
7617
3226
5390
9093
5648
7126
6676
1697
4018
4559
2194
6860
2972
788
2212
9486
8926
6985
6252
6255
4305
7042
5185
4014
9210
5119
7352
4910
1883
7407
7611
5230
2937
8546
3173
4787
8664
6447
7936
5797
5586
8126
3989
8435
8054
2659
978
6931
4141
9191
410
5370
9785
5013
2071
1188
7158
7262
2234
9537
5474
8746
995
5309
4921
4908
9020
4986
4184
2624
8303
3531
5427
3475
408
2447
1795
815
2982
6440
359
9522
7067
5896
5963
5578
5970
3016
6342
4783
1088
5108
5181
8588
7203
4213
1973
828
1495
1452
7350
8253
5351
5576
5418
1652
1025
2053
3685
9533
7506
2897
3999
9916
9121
1324
348
8133
3640
1323
1885
148
2556
1977
400
6986
941
9499
6418
9414
1033
174
3476
9739
9964
7168
539
7491
578
4807
9793
5008
3116
98
7226
3866
6161
3114
6465
8971
2012
7140
4816
3347
1843
1046
175
6008
8120
691
8195
2381
3512
3909
5912
4958
4576
5510
4297
8725
8960
6123
4108
3933
408
2110
3051
9393
7150
7462
1980
9487
482
5765
3859
2110
7417
14
2605
1833
4965
6064
1293
2919
2662
8692
20
7272
3337
8031
3161
1087
2798
6548
7688
8279
2952
3577
7607
707
1678
596
1043
3413
9934
5363
7145
7290
7393
8149
3664
1521
8266
1991
964
5318
456
9663
142
6096
3434
3998
4654
9347
8578
8598
7195
3090
4994
9033
3297
9573
4803
8889
5097
5154
3589
9953
6614
6027
8497
2335
3723
4389
3962
9372
2859
2512
2561
7338
664
5687
6584
7929
1757
9894
8174
1061
5815
9667
985
1968
190
5355
594
4791
3313
6330
5530
1332
4223
885
6459
2448
1858
4408
4153
9106
9302
3207
5543
8601
328
1315
6149
2834
1785
1004
3351
22
3570
9869
4578
3858
4513
1928
9135
9348
6097
1535
1058
6336
1784
5020
2644
4365
7737
862
9755
3710
9242
4097
3596
6256
2273
6360
9143
9597
8999
6537
785
7483
1774
3109
3103
7541
3631
7058
5054
8771
908
5959
1887
2088
4372
1556
6703
6888
7636
7196
8741
6084
3579
9904
5269
2612
8262
2313
8194
7263
5210
9089
5104
7530
3361
4462
566
5003
5419
9452
7634
2184
1157
9510
8839
1185
4663
7921
1682
2663
8168
133
7450
2663
3228
4857
5126
423
1485
3370
4872
4860
4119
9271
4343
1030
3581
5468
3546
1416
9530
8281
8800
2360
1074
2799
4653
1215
2599
7222
4463
301
1303
8622
5599
9260
7154
5648
1746
9887
1513
7439
6639
4136
130
8225
7883
6115
4808
8756
8064
8050
351
9567
924
2341
7286
4102
1590
9621
1509
5529
3947
4014
7110
5882
7878
7511
6656
7577
8911
5695
9854
4574
9610
2886
2526
6945
9632
6133
901
8185
3259
6955
8207
4896
2506
5877
1781
5600
4693
2088
519
5244
922
8238
3321
3981
2213
363
4347
424
8527
3659
9423
8168
4125
3787
5199
861
8154
4448
4599
7152
6847
1831
5902
5249
2734
1034
8882
6816
1598
2492
8689
5205
7680
9762
2484
9628
7184
189
2902
5744
8631
2120
8130
755
605
3818
794
279
8396
361
7316
4428
3616
9596
9855
2695
2971
6682
8195
8283
3413
6500
151
6998
6368
7420
8780
859
7865
3921
1206
2823
8410
9144
3802
930
93
7304
3923
5012
6843
8914
4655
4514
547
9196
7526
6116
2662
7688
3323
1588
2270
6741
9099
1652
3567
370
9715
1036
2854
5402
6750
5231
7614
9105
8635
4746
497
6969
4461
6888
844
3025
684
9861
7419
3835
7545
7645
1219
4744
9262
9519
8062
8787
1188
5123
897
4743
6414
4005
2282
3949
2595
638
149
8694
4041
3646
7518
2945
1548
1848
5952
2073
8879
5161
5932
5854
5305
4070
678
7375
2048
833
9017
3297
4900
6983
2666
9823
801
5482
4313
5406
4232
6630
1124
5963
2312
4290
4919
867
1318
8037
4878
9166
9931
2435
4443
425
2092
1522
7986
1823
9653
5117
9825
7220
