1644
7825
428
2548
513
9123
4896
3679
6560
4821
7651
1157
8211
8609
8586
1164
9030
2012
2217
1378
9590
392
8911
1494
6500
1682
2271
6751
1624
6073
1903
9117
7906
316
7209
5018
2124
4382
7679
6237
7164
1498
8667
1019
8966
7292
6612
1290
9998
6083
6813
1331
4650
8050
9928
3795
3941
1917
3944
7182
976
9782
1940
913
196
5668
2727
8451
5155
8556
5092
822
4988
9711
4614
5232
588
5168
3862
6801
8002
8896
6198
6176
9515
9736
7818
966
6108
2514
8694
5159
5838
3845
6882
8776
900
7611
2459
8465
9480
704
7331
7201
9443
3225
2504
3720
4283
1359
5666
3350
5046
6503
7062
1229
2669
959
8248
9909
3277
3830
8957
7420
4582
2872
3486
4807
7414
4486
8248
3306
1808
5486
7969
6656
2438
4316
8677
1880
1014
13
5054
220
111
9003
4850
6511
8997
3338
9078
9714
6410
5261
673
4002
3677
38
8875
5474
2031
6041
5556
8113
7839
539
3825
9096
2248
7948
1265
7042
8336
8990
2973
6440
7665
4529
7342
760
5653
2509
5273
3585
26
9707
629
3150
7909
2225
4605
3005
2642
1752
6945
4074
138
1371
503
3677
8125
1917
5855
2636
1231
4167
1524
4862
9663
4590
3374
5710
1170
6221
2276
8152
7775
9380
3326
1875
4707
7933
5337
3083
6084
9654
3380
6041
7443
3456
824
178
5019
3843
8324
2553
774
108
6358
753
8526
5428
5941
4324
5841
5134
5899
3369
685
5852
512
7893
4251
5294
3250
8785
7017
6569
7169
1379
9823
6320
5270
2140
8083
9666
9108
9565
7624
1759
7623
1879
1841
7224
1256
4830
4388
1922
9730
504
2713
6983
6719
8968
9218
5673
3548
6098
6740
2612
4604
2810
6083
2239
8168
6974
6492
9934
2755
300
7003
1703
9131
2273
2509
2014
4075
480
2624
9568
9998
6379
5303
2552
9103
2688
314
898
172
1219
5530
9802
5656
2372
1601
4096
3039
9725
5144
3002
804
1563
8482
7477
534
3046
6150
3914
3570
7806
8282
649
7826
4740
7370
8661
3411
1074
5912
7964
8948
6728
6926
8480
9722
8548
7487
9751
2753
4749
5675
6972
2652
3212
3617
8111
9741
3912
6654
6304
2641
3436
5828
1235
7315
3767
7127
3536
4256
4544
6657
2779
4602
7652
3652
1595
9366
4510
4751
2729
9921
97
6314
9350
9743
6037
6636
7897
9027
1068
764
2260
6011
6575
8980
3074
1827
4490
1089
2111
8682
3552
5927
5027
2498
1948
7250
8557
3760
6710
4263
8601
8307
6174
2792
9229
3153
1593
6487
438
573
261
914
7353
5413
42
28
4024
3272
4382
7629
3764
3221
5925
6223
6665
1534
5332
2169
619
939
5648
9961
4987
5435
3448
4586
5302
6390
4332
6662
1706
4878
7960
6036
5701
8963
7105
1458
5852
6197
9050
3246
8020
2484
2691
7758
3297
8948
8767
8992
4873
9885
7809
7035
9828
798
9971
4788
7203
5233
6642
4365
3241
7530
5145
9815
7434
8569
5800
3305
8495
6511
8400
8793
6115
2877
5150
2022
126
39
3010
216
9771
3176
5180
399
1639
8783
5122
1785
5657
2663
7935
7584
3672
4389
7179
8783
5902
6122
931
228
759
5016
7941
3825
5925
4322
8667
3101
7140
6971
5809
1656
5749
1233
4180
3803
2505
4626
1401
9037
2988
4604
2184
7859
6603
6067
6435
447
8051
3003
5446
8793
6536
8406
3757
5499
6414
5351
4876
2069
1576
8853
3455
2753
6299
7259
415
3698
3869
3196
9742
2198
1615
7108
5727
3658
9525
8937
5589
9500
4414
4032
5718
8107
9332
5885
5435
1130
7330
7026
3319
8196
3261
1960
401
2378
3328
3644
7296
2792
6136
8912
3683
6085
8456
578
7306
5801
1930
5434
9892
5001
7939
141
5382
2557
8690
5135
7956
3283
6533
1973
4319
653
2775
1928
1467
21
2026
3654
9548
1200
5533
4978
8956
9008
5290
6508
1068
6196
6207
6427
2005
6586
5942
774
4025
4133
2067
2978
6123
9593
5274
4278
7640
3251
1419
8922
6576
9766
8251
3774
3413
7152
4784
9159
3823
1531
3400
308
9913
8751
439
4638
9452
1525
4555
7022
3365
6966
3341
4425
8086
2417
295
9766
502
9692
5068
3953
7269
6834
3545
264
801
1771
4694
7921
94
4345
9592
1118
5461
2526
4934
8249
4636
9035
3590
842
286
3220
2996
1960
6678
4847
1982
8092
1373
4667
4303
9809
4798
2429
2662
1895
1890
4229
1298
8071
7742
8831
4588
2304
245
9893
1601
272
6538
995
2955
4878
886
5795
9515
1332
9042
3974
2996
5339
1362
7235
3831
5966
1758
2922
3319
8800
6270
2866
7704
4042
8434
3888
3753
6220
2875
2345
7867
1621
2265
3422
4077
254
4098
6838
7062
4864
1356
522
9310
1814
5975
1818
4665
6349
5434
1933
2112
2775
9832
2085
8669
5391
2527
3825
2084
616
9901
4956
5337
4430
7583
6243
3698
3213
7383
7667
7882
8576
5369
1137
9950
6034
9762
643
55
1
7254
7691
4405
4768
2901
2516
5269
5355
5928
1445
8687
2822
5230
5795
9342
4718
9054
9236
7388
4193
9032
8141
1114
8585
3820
9740
4569
2947
7798
6514
8776
4734
5845
2216
394
2879
3175
6946
6083
7841
3251
1249
127
170
834
3043
8639
7881
9754
853
8017
9388
9977
4744
794
494
9418
6145
2419
108
9239
5147
269
3689
5388
1447
7027
5655
851
4931
9291
5494
706
4441
7848
3738
3133
702
2479
8132
6600
3227
2995
8403
6798
6232
4863
1587
8119
3732
3744
803
8409
7010
9037
2980
6494
717
4211
3198
5854
6955
7633
6189
2585
3792
5277
72
7955
5674
7698
3458
6652
857
8487
2633
2219
7985
8764
5196
6903
4376
5283
7002
1729
8730
889
2261
4273
3869
1472
5446
3595
5246
2522
9658
9373
5850
7252
4361
9417
9769
477
4535
3274
5620
4033
6900
1524
6759
7350
4222
7741
7858
5490
214
3121
1177
2903
5552
9863
5964
7949
3683
3662
3329
3722
7953
8498
