5357
8480
5410
5835
5832
8968
5493
8401
2931
50
6318
7380
4488
3568
9167
2129
7610
1210
2605
4818
9286
890
6276
3421
165
687
826
1638
7726
290
7761
3234
9048
2835
4646
1161
9101
5150
9815
6087
4954
5520
1922
9039
5188
9120
1016
1308
8708
6364
560
5590
6003
481
9671
2669
8208
8278
5510
8821
8030
566
9212
3471
8027
3992
5834
2687
6523
3245
6413
9311
3156
4709
2166
3712
9697
8254
2598
9015
5114
4474
9285
1644
2235
4523
7217
1323
6784
5614
5748
5092
7314
402
9150
7045
2507
4931
4929
4434
5174
6999
4252
46
2002
7844
9071
8985
4709
8236
9597
6774
8989
1207
4688
5208
7122
3308
3894
6952
3959
8283
9144
2166
5343
4393
8844
8265
4204
8696
5952
4404
8098
3730
6391
5544
4875
9219
4961
7424
1747
7905
2642
7933
6036
537
7204
8862
9100
3350
3496
7019
6985
912
1080
6414
6295
9967
8840
4495
4849
2331
3067
555
8147
5522
3058
7504
5312
6148
7375
1752
3359
1343
8472
6255
7168
3986
6391
4914
8125
6304
2237
3814
5324
4547
1750
8738
4912
1193
9336
7339
270
4128
8806
8154
8510
4074
418
2779
9032
6637
1806
2917
9005
2746
5907
7921
9384
5863
939
3305
5497
4315
1656
1982
7233
3766
184
9173
3805
1851
720
1920
5257
9530
2021
5509
2821
206
9433
525
4197
9456
3395
5003
322
3094
1959
4294
2910
6300
3669
1621
7828
6365
2670
567
9054
3358
5296
7372
9425
279
5298
5011
4803
8591
4683
8256
8445
6195
7726
2649
699
9282
1039
9374
9600
2344
8153
9171
3766
2037
7352
5404
7795
1178
6097
2916
887
4607
5810
6057
9458
2547
3668
1255
4386
193
7469
7551
970
4524
4354
4228
7567
6951
5753
5667
4124
4500
1580
316
8149
8790
9290
9745
5256
9092
2567
9354
4015
4909
5332
8466
2258
3059
6857
2017
9322
8774
9727
9527
9297
5822
2058
4642
452
2883
8852
9308
1834
7260
9813
3717
2222
419
1053
232
3400
6050
7140
1356
5547
3356
3576
3353
7847
1466
4870
6661
8686
7808
3637
2299
4644
1452
8779
3142
4415
2106
739
6703
4734
903
1494
8481
6438
5904
1702
6005
6200
8421
5882
2143
2222
1408
867
9396
5540
7964
3838
8471
3603
9444
5458
6942
4616
4346
6633
6085
2196
560
7643
8015
2684
7142
7957
8917
1617
1488
2521
4989
6298
771
943
6887
7661
8589
2569
5398
3005
3134
3093
3818
1164
9959
155
3318
4962
4493
2998
4003
8854
3945
9888
6544
7641
2767
4165
1972
4146
2393
4153
4882
5155
4464
6630
4872
667
695
5838
5300
3845
8867
5439
7730
5422
5003
4740
3511
5316
8072
8936
1283
9065
552
1765
3943
1927
2310
9051
4435
4702
510
9980
5386
6328
4735
8451
6677
8861
9249
4293
9936
8370
6544
2881
4725
1181
9861
4305
4579
2771
7727
7010
282
1603
5699
8351
4854
4251
5485
2217
3734
4328
7202
4596
1592
3707
372
587
611
2294
7121
6212
5360
1255
7240
9885
2133
8635
6536
7589
1759
7540
4599
9272
4268
5781
6620
9459
2675
9754
3675
4629
8496
388
7626
9350
5904
8434
7268
6193
517
7931
5513
6861
3446
2136
4591
6010
8007
7039
3402
6054
3680
1033
8660
7231
2220
7669
5193
6882
6624
2262
2929
6739
822
4343
5434
4870
3958
5231
4706
2489
1888
3296
6046
6116
1768
3225
634
7689
5038
5691
6958
2614
9785
8744
1065
7514
7871
8263
6652
5011
5475
5301
7093
4933
3036
9525
4535
647
1646
7416
1746
3400
5832
2616
6101
3055
217
1742
5244
9392
9999
3011
6151
234
4366
948
9146
9517
5065
9662
7082
2153
2463
585
5435
2849
7781
7905
9475
3374
1677
3216
121
1313
6624
5911
6544
7584
6077
8299
5722
418
3790
1996
8939
5589
5507
1040
6123
6044
2893
2271
9479
8871
2393
9863
4165
5466
4486
8752
6402
5168
1237
9818
3451
1928
4541
578
5428
3645
8552
6580
9159
9171
3230
4698
332
1645
1580
6162
2769
1340
1744
4589
9655
3266
2627
6132
586
3477
3763
8982
6426
5950
1900
1436
8506
1057
387
2141
4069
8503
5391
8029
1304
5783
8180
8496
3759
4484
2653
9101
4480
224
8997
4845
9774
9742
2627
2659
4763
6100
5344
8101
2126
5599
629
5096
2796
8849
8949
8571
5446
2677
3429
8778
9967
451
276
4226
5545
8111
3915
9780
9483
284
3874
8051
5248
1070
7371
3271
3022
4861
1375
8500
2002
5909
3028
5044
3253
7035
1448
1889
4989
7834
8653
6047
6819
8234
5233
9622
124
3506
6840
4381
9750
453
3816
9361
337
9352
7569
7622
6951
3107
8535
3973
9017
438
4990
3923
3128
9955
1376
626
5565
2617
6413
7728
2773
1457
9472
6493
8381
7409
5082
7691
3862
5341
9902
7454
4276
6622
1864
1490
5289
1211
8330
4540
5193
388
229
5273
9865
8477
5808
7682
2025
6327
4792
7921
827
4922
1253
2285
3888
7247
5268
2146
9054
4331
3910
4204
3407
7189
4884
9233
392
2792
7165
318
3940
1331
7983
1050
7661
1470
4573
9991
9959
8760
1907
7286
8969
6843
5187
8074
6856
9441
890
3749
3330
8992
645
9791
1124
6784
4714
1270
7577
1214
4468
863
9391
3961
2942
4105
7351
6521
8539
50
1417
735
5296
292
402
1768
3023
4711
5995
5611
2737
6570
6759
4322
2046
2348
184
741
6076
6549
799
1697
4354
8034
3470
8504
5480
8268
1804
5378
1293
4554
7428
1602
6181
2941
4794
979
9821
6105
908
3105
6187
4932
6480
3028
5607
3031
8240
3574
2000
6273
6750
870
2524
3515
4422
6821
4928
9046
8767
4174
8872
3120
1133
1891
2292
8902
5078
4898
7088
2660
4030
2486
9518
535
4546
6202
9041
6451
3966
5704
3209
8144
7051
9360
3046
671
3209
4388
7610
4507
36
5664
3008
9659
534
6727
8147
9076
7033
4840
4141
2666
1351
1231
2717
3751
5824
4344
9395
