8540
9120
3473
4545
3088
7299
1992
7621
3568
6021
2758
2814
4959
9616
1292
5933
5813
6560
5691
8783
5346
5370
391
4564
4221
141
4635
4459
5062
884
8055
1180
9626
7220
8676
6417
5988
7752
5607
1746
1696
6167
596
3052
5307
4319
906
7469
2054
5232
2764
2318
457
23
8080
5677
5125
8405
3312
7942
1346
8892
6302
2046
6103
7286
9045
6684
7815
4769
9290
2564
3800
2363
9633
5378
5984
9494
7276
9807
4600
3239
9487
5586
3378
7681
6014
4806
9895
7674
215
4900
905
2230
1325
6605
7159
5976
8201
7558
7071
5762
5285
145
4413
3716
3187
2084
6162
7321
9559
3448
5024
986
1510
3567
8498
9341
9222
8003
5176
6798
8228
3031
6031
5992
1749
541
2527
7631
5380
4948
5503
4845
9434
1322
7363
7960
4540
5334
4709
6541
78
9755
4098
3579
3510
1290
683
334
7643
5671
4795
9414
6571
5573
3353
9555
5804
9697
9123
7807
8074
3752
3626
553
6751
7766
1469
8457
6193
1660
9294
213
2774
7677
160
5631
7554
4773
7874
760
2609
5943
8629
5318
1744
17
8617
2189
293
7166
9302
8380
6175
6200
310
4503
7095
3831
9920
9933
1606
3259
6895
7381
9921
7666
6497
1114
368
5798
2171
624
5420
6182
8762
8769
4582
3727
964
4281
5236
3079
109
2138
9574
1398
6358
7581
215
7106
6911
6630
9375
6837
5533
1026
4613
9901
6967
6448
8482
8112
2314
8665
6065
7017
7469
957
1602
2355
4046
6716
4109
5025
5211
6237
7268
8872
5805
2350
7250
5914
5951
5417
4495
8192
1996
8976
6101
7955
2406
7829
397
7335
1139
2248
2146
8964
2370
7501
3400
8802
7580
5881
3397
7520
7701
4329
1677
5073
5937
271
3484
2340
5555
506
8412
3519
8081
2049
2662
5816
692
2733
9461
5007
5243
1760
3494
8874
702
245
8155
510
9264
6004
6927
1288
4638
8242
3653
3878
6645
2579
2969
4916
2144
3118
6967
1862
5534
6924
4618
9407
7698
939
8221
3756
4212
4309
3326
8160
6293
5848
5025
5293
4432
9698
336
6060
8939
9403
4463
5593
4861
3007
7101
9534
3721
7222
3623
7129
9513
4466
2999
7949
6390
8101
3499
5539
1123
172
9568
2602
1882
5835
3452
5746
1598
6902
6666
5889
5712
3466
3872
8063
3997
2534
6013
21
9123
3065
9631
3821
6148
5497
2129
3333
5860
3293
7521
182
3549
4760
8255
2044
7922
5459
7905
2881
7504
3797
8579
810
9455
9137
732
6285
1848
5036
4860
9645
5346
7578
8530
6916
1461
9317
5018
6637
7679
4520
9780
9707
2180
7118
3439
9913
8480
7538
3939
1182
3464
3634
2511
76
3135
5749
3319
5062
932
2134
7391
6060
3017
9053
5845
6548
6142
7768
1752
8183
316
1979
6711
245
2670
5697
1893
8165
4441
525
6040
7469
4044
2258
9440
2555
6226
1259
6645
174
3636
5416
4409
4212
2780
7637
4860
1984
7093
7609
5390
7319
862
4552
3040
4200
6973
6069
7955
5574
5824
1672
5026
6467
9742
952
7612
8826
44
6405
6809
697
6028
5972
590
8362
7120
3864
2187
652
6716
7465
8849
6818
6714
7844
5537
9192
1431
1455
9536
4142
6682
7943
1702
9491
9172
8440
3750
3966
2178
5656
568
1723
5792
6848
6882
2881
265
2056
8469
940
1673
9454
7540
1452
2675
851
8319
889
3534
6946
8845
7233
7354
1214
5608
9712
785
4807
4338
8507
8072
6888
998
9177
5044
7264
3145
3918
8122
9882
2528
4501
6687
2684
411
5657
5310
2281
1630
5200
2728
7491
2400
2869
4837
9328
1772
8656
2328
1864
1749
1844
9009
6217
7431
8549
9980
8806
3800
7269
9127
6563
7934
7049
3217
5061
138
1036
8126
2938
5681
1776
6119
5925
9404
8860
3086
8739
3509
7638
7023
6383
6914
9230
6434
6030
8782
3973
940
1769
4402
7929
406
2501
9379
3006
3189
8752
8197
5530
6840
7625
2574
7821
5649
2060
8581
8650
4266
3946
5928
7607
1113
9649
8477
3101
782
2637
2096
6748
5657
4138
412
7615
4024
4997
6885
647
3118
7582
5569
1478
8176
3116
2327
3899
1928
2637
6911
5093
2636
9336
9129
6629
970
2
4970
1636
2058
1833
3538
6782
4677
863
6072
1386
6803
6199
7094
3672
9520
933
9009
886
1320
5765
7937
5710
8594
2460
7759
9775
2089
7954
8460
6726
7797
6164
5358
6120
3161
7605
949
2671
8213
2124
764
8464
9147
1726
2539
5173
9439
393
9434
1467
3991
4122
1840
6922
4274
4507
9144
1916
7269
781
5413
4700
3776
4509
5180
125
5904
4166
9808
1988
7869
7284
8300
387
7555
5184
1384
6258
8478
7357
7758
2476
1151
7661
8567
1492
2364
7584
4927
6466
8339
1051
983
3261
398
5345
2009
6678
8834
3137
741
1023
3441
8795
986
5255
6160
4160
3505
8708
7603
5413
8131
4955
2805
9571
9883
4462
7475
1183
6262
1890
8392
5569
6967
8844
1763
1123
2983
7000
2212
7448
5849
9334
4598
1782
1100
4594
53
2241
9754
4301
3921
9894
5101
9197
8092
3776
7744
2126
2397
2347
7731
9747
4503
8355
6073
8782
5603
1223
4236
5719
1273
1472
6592
8332
8446
9928
8069
7365
9527
3337
8374
6291
5516
3155
2766
149
9400
3433
7162
7143
7261
1640
5498
5831
6020
6565
913
9765
5618
6642
1579
8342
2998
7869
9662
7381
350
4341
4009
7431
570
3898
1082
2953
1336
7024
7740
9080
6430
3535
8653
189
7335
7467
269
3107
5556
6171
4514
9302
2484
1255
8489
3450
9278
3235
3479
8405
1451
482
381
7338
4513
1913
9818
1523
6889
4626
8682
5082
5682
5945
9644
1156
9375
5847
5810
8923
7211
2616
5121
2934
6989
3115
9944
6327
4534
8838
5246
9889
6599
9955
292
6371
2176
4746
3289
9621
5811
5724
4236
127
6247
2170
3708
1473
2137
3952
3196
4946
4796
290
4402
9976
9137
5841
6270
1648
674
4617
7000
331
6424
3066
4626
3990
