2847
6148
8733
6254
1249
6542
6280
1424
2898
8844
5375
564
8684
8443
7728
7924
7340
7142
1480
9460
4470
8182
1082
4736
3318
9863
4412
926
5265
9576
5372
9264
346
3326
6176
5528
9712
8885
8890
8408
7845
1461
1322
5253
217
2989
1005
6919
8196
7246
1908
800
6291
3222
6143
6934
4058
7512
8232
8991
9928
6725
5533
5368
8504
4153
6165
4338
36
5716
6835
5497
9524
1075
776
4946
8723
2714
8963
305
594
7041
3620
8116
5910
2712
142
4896
5341
6920
5482
9606
1214
7784
9352
4801
3646
9176
1537
78
5039
8990
1528
8824
1859
4571
7726
6096
3214
1336
4117
9398
5145
2514
6012
966
1923
8032
8441
9473
5970
9549
4806
4807
4903
7798
2050
5310
6656
6161
391
6754
4775
9575
363
5497
4487
369
7664
8210
7342
7307
8551
9913
5678
391
7042
1433
9038
8720
4262
4863
3342
6073
2255
1638
9048
5506
5053
9029
8785
310
1325
2033
6270
3780
5282
9392
4900
5688
1298
4747
4472
2198
9933
4575
9573
7698
4280
2209
1211
5470
952
6971
5204
6097
1130
1016
8339
8721
6160
5415
8198
3037
9285
3759
2682
905
7857
320
3389
5174
8808
753
9630
9405
9516
156
3392
9976
8323
5986
510
6814
9940
2556
1353
4857
7995
7759
9917
9734
3532
2379
4738
2424
1172
8561
3805
3641
5562
7710
7894
126
9429
680
9093
6373
7591
9827
1302
1022
6039
8801
2027
1331
5245
5540
7089
4021
8454
5377
9482
3653
2663
3491
6505
9404
3006
8969
9773
9368
6339
5901
2469
7331
1582
5778
8609
2545
6467
1705
3369
3030
7112
912
1815
8145
2727
9512
9439
3129
3566
9569
735
8531
9876
6084
8177
6573
6838
6285
1517
9834
7039
3826
8475
3914
5495
4389
1143
4486
9954
7298
7597
2869
3129
5285
740
7533
5894
9163
4199
7833
6840
5411
3230
7475
4199
6386
7483
3663
1937
5599
3472
2676
3939
2785
7518
1784
2035
2611
1369
6726
7674
2497
7255
7935
3615
83
5143
9690
6447
7091
5742
1481
2936
555
1676
6202
7668
3648
6270
5526
308
7509
1292
1194
5122
2254
8050
1743
8376
5298
4284
3432
7630
8475
7339
3415
1902
4990
9764
4685
3268
8593
3048
8093
5058
7646
254
4459
8464
9555
523
6086
1888
1858
6260
1502
5056
12
7355
4500
5400
7301
6917
4846
8195
6884
108
1971
7002
9786
1936
7737
2380
9948
7688
1384
9466
8974
4470
4650
7070
4862
7689
5490
7740
5594
6604
6183
4689
432
1675
9451
6536
9632
4150
6444
4716
5087
6926
5766
1671
1339
5341
7442
2760
7510
6146
2480
5155
4129
7225
9740
6211
246
6729
7008
7499
1714
2807
2470
7258
4381
4553
4952
3740
3175
8597
38
125
6513
1878
8083
4712
9077
6928
1341
6654
6644
4091
5431
3234
698
6188
2133
1921
1807
4402
5234
1984
2188
6987
9649
7037
3512
8711
959
3959
3663
5396
1361
4634
94
3576
8240
7586
4541
7854
7005
337
2297
9575
9666
4299
5261
8769
759
2990
2540
4406
4046
208
3054
1803
9356
6385
5349
9801
1268
7343
6906
2953
4881
8487
7657
2391
8911
1737
7398
2169
3175
1253
2234
9945
2950
2802
5678
2190
1976
3294
226
857
8694
8703
1595
6139
6713
5847
55
5460
4474
4166
5294
5894
2521
6761
2167
344
2037
8209
7428
5894
5598
9951
3675
518
1269
2939
8129
6677
5020
2627
8709
3696
7519
2544
2983
7615
735
5269
9763
4459
9127
9729
5486
5729
2317
9667
7564
7358
9975
6349
3099
2890
9270
2289
6239
4945
180
7065
5451
8092
7622
9363
4521
5839
509
5176
3478
8219
8511
4190
5933
3059
7597
9859
6430
4668
4497
5034
2155
8414
6167
3858
8559
9351
4436
5378
1947
3007
7543
6577
8462
166
8890
7137
9729
249
5844
7916
3212
8531
1119
8902
4808
384
4146
5330
2226
2557
7626
7233
905
5179
1882
4852
4772
8755
1691
7427
7875
1859
3249
8839
5888
8054
5053
5249
1889
2530
5864
1086
3646
9659
739
1377
7257
6533
3464
6880
9903
8855
1228
2748
7625
5834
9763
6823
1647
1648
1792
4986
5866
930
2104
6702
3492
5026
8946
9320
4815
6143
7373
9426
2718
5655
9486
388
5636
663
8948
9970
9207
429
7530
4079
3360
2078
1688
9951
659
1556
3750
8682
2197
3231
5583
4892
5582
4109
477
3897
9149
4900
6903
7246
9394
8107
7572
9906
700
7209
3210
5676
9200
2517
4280
8398
7378
5276
7900
1663
5891
4658
4674
1751
3352
8303
1209
2627
2083
4763
2595
6264
112
9972
6666
1492
5773
9323
7770
6992
950
6671
5614
7665
1453
8322
3034
9134
8947
7080
9635
4620
7205
6525
7206
3429
5398
3462
1756
5000
6901
9919
9176
2202
5051
3236
3577
4569
1299
2412
9203
6960
8246
5359
2052
5319
3570
4488
2982
3250
7942
6357
3840
762
3709
1819
6825
7017
9476
9511
298
5055
2122
7103
1246
1057
2755
7831
3562
5073
7368
7120
8387
9800
4223
5226
5392
8336
4851
9674
1309
4975
960
7079
2328
4189
7597
3615
7548
7270
4534
9094
1320
6507
8772
6398
2300
7363
7980
6002
1759
5567
5793
8924
3119
7644
150
6327
7222
321
4980
894
2629
1703
1668
1571
1264
7401
7354
5820
8581
6113
767
6936
2395
690
3417
8720
6403
1764
5033
8744
461
1929
6720
1172
90
6062
7583
7463
7561
7374
5802
6599
6705
1760
2887
2829
2250
2849
5785
9688
6536
9564
5588
5425
7189
5206
7804
9177
4713
2134
8335
2606
1448
545
3243
1421
3465
1956
7053
4049
5871
9306
3287
6585
4550
4334
9517
5032
5643
6778
7533
2598
8584
4749
5960
4788
9179
3980
561
6269
7362
6719
3921
4775
4037
6268
6277
2585
9071
1617
2965
6871
7322
3290
9073
9592
3511
3971
7530
1241
4519
7560
9546
3514
4841
4472
7729
8613
6688
1719
7485
1456
6448
1106
6165
4376
9414
4574
2482
5581
8609
793
3818
