9010
1541
1266
2449
5303
5771
6781
6605
3744
8435
5889
6814
6183
3217
6383
5259
4066
5917
3761
5370
2484
9576
6430
2383
2243
3676
4601
9701
1252
3150
6308
855
994
5666
2034
8939
4862
3195
5945
8731
4416
6574
1318
306
3916
465
4939
8528
5792
2182
3140
8730
874
5902
2471
6481
4774
12
1305
6893
4644
2919
1789
85
792
7834
2199
7982
9451
332
7919
8654
7071
6648
2561
2651
9760
6024
5073
8645
4358
5267
5852
1181
1239
8704
5818
7281
7721
8309
2416
1525
1845
5313
7698
4095
663
8850
1701
3198
5250
6339
1490
2696
689
9606
182
4159
7640
9562
918
1216
4680
3961
9664
7432
5649
8417
6381
7858
7298
6141
7955
4161
1020
2943
7383
9111
324
6332
5631
3936
1559
5428
3030
6302
6105
2236
232
3729
2918
2346
4525
9954
6137
7052
9747
4269
4651
7110
8707
6201
8082
6598
3414
6198
5691
7893
3713
4561
5299
8253
5995
6422
4751
8385
8623
1795
5851
1726
3101
725
6831
2028
9594
9218
4558
4304
6312
9202
3592
6322
1521
7546
4160
4597
2205
5094
9207
8760
643
4163
8807
7817
4187
6230
652
4145
3762
9740
2044
4511
2183
5311
3864
2997
3506
6210
410
7241
4564
1194
3006
3289
2090
6505
2045
8255
1419
4391
6965
652
5761
9487
5492
8115
4948
1987
6627
517
417
2765
2512
5701
8538
6372
9683
2232
6904
7783
6226
235
7291
5449
4064
4416
9698
7289
4528
3510
3669
7756
9975
1475
479
7961
7871
3537
8330
4737
2088
5923
5331
8522
5098
2531
7260
5318
5797
8025
6176
6916
1177
8697
2481
8403
3377
7946
6781
6430
5354
2063
2367
8761
7954
9428
4850
8887
2732
9062
9488
4085
6816
3118
4729
5926
7246
4876
6175
8171
9235
7853
1598
5551
164
7705
7225
6764
5703
3195
1999
9134
2946
670
6733
4562
1867
5824
3549
8475
8366
1973
1084
8225
2429
4603
1209
3237
4833
8038
1673
6
7999
871
8375
873
9238
2061
296
9465
1397
6968
7069
9883
6026
1990
8355
28
5172
2653
8372
7369
4586
4852
8912
6171
596
5694
7046
5901
3575
5155
5099
4971
1679
3212
4286
9593
4724
5163
2770
9197
2719
2885
2138
8442
1798
1389
180
1050
4531
2079
1900
7190
8979
4757
6497
2917
2634
6441
1428
7040
2259
5672
2636
6782
8645
9791
2935
5793
7602
2005
9211
4971
297
3557
3035
8478
2395
4214
837
2079
9082
8648
4024
1446
6894
7341
3858
4101
8545
1218
3304
5955
5034
7897
207
5731
4759
7029
7255
3126
771
9920
9607
6025
9383
6364
7875
5916
3053
3748
3962
1905
3903
7103
5996
4525
7662
4321
5241
78
8399
2685
3556
89
1871
5850
1991
2527
5959
8433
5904
2347
1579
1824
8217
2411
6269
2207
2966
2744
1135
6813
3799
3523
9205
5717
9228
6814
7128
6003
4664
9237
4086
3292
8207
7831
8087
8319
3033
533
603
2983
4392
8725
8991
6250
3174
3971
7199
8673
1592
7845
8901
8275
6879
1561
7359
7952
7837
8030
319
4344
4900
7340
6940
4006
2826
2897
7445
444
5321
3768
150
1788
8275
1960
7907
6111
9346
6134
9329
8070
3037
8696
6996
2268
5127
6376
2963
6804
2418
3841
2056
2003
7105
569
3971
2316
1627
5082
7966
3861
6331
4382
5947
243
3779
2455
826
2630
6545
6793
9463
4467
8138
9141
4384
7722
8003
2994
3428
5699
7567
9754
4054
6522
8339
5406
2801
6660
2229
7063
9557
4781
5506
7642
848
352
1326
4567
9369
3394
4646
5407
4149
1819
8722
3567
4540
8978
9719
3085
3557
2228
2393
3022
1038
4960
8925
6945
9544
1762
3340
6620
3407
3466
2259
2753
6792
7608
7543
5260
9491
4503
3927
3324
4719
6643
2634
9867
797
6808
3479
8252
6060
9096
5715
7088
4035
8249
7572
9317
110
5097
4468
5980
4960
4206
1906
1189
9111
9790
995
1753
8444
6168
1494
7956
2745
5422
9940
4205
6998
6528
8214
5283
9692
7109
6017
9589
4698
4248
9164
8318
6214
7933
8546
1868
1483
4127
9603
4508
9504
455
8165
675
4490
6859
2120
9243
7736
9264
1078
104
8251
8286
3289
7318
7929
2799
8919
8305
327
5794
313
4273
6563
5475
6585
2800
5924
607
5737
9672
9385
3270
9633
4574
7406
9010
448
4437
3486
6942
2532
1921
642
7141
8276
3449
4327
6873
8458
6200
4509
9468
4750
2496
3835
6302
5246
4251
1584
2931
4730
6559
8245
5760
1915
5341
8111
6114
9492
7879
2080
1532
9040
5596
6445
4507
7179
9521
7465
9335
9405
2525
1168
2872
6609
1425
3857
7266
6435
6610
8739
8095
4600
3924
9688
1064
5848
5813
9198
2191
1446
9220
8306
5436
6048
1772
4656
3714
8673
1136
7173
14
1764
3013
4229
9931
4356
4566
2601
5796
6174
56
9248
839
632
8492
598
866
6987
1242
1762
5470
203
1920
9145
2660
439
7142
3504
9904
8780
5980
3982
2801
9828
7075
1632
8345
7211
117
3495
8599
2787
4931
4876
8655
7101
8729
4451
8355
3496
1391
1245
5265
8070
3967
9895
2168
7993
4637
1792
5799
2510
1048
5272
4612
2463
3148
372
8710
5868
4530
7950
5072
708
8213
1018
203
7821
5520
5875
334
2403
2633
643
6716
413
6981
6321
3083
2651
8071
2229
732
7819
8376
1943
2524
2684
1988
4134
1206
7449
911
8100
5218
9975
1714
366
7758
26
9286
4762
4904
3345
7148
3561
1557
4626
7542
1676
5441
7088
7509
66
8516
8537
3793
2719
1980
2780
1758
9113
1245
9368
433
2748
4162
2271
9215
2926
3070
4377
7646
7164
9236
7029
2811
8259
9311
682
1495
6906
9263
7932
1806
9004
1137
8778
5925
9796
473
8869
9184
9858
8222
1067
2349
3642
4819
4416
1664
5147
1838
3838
3180
8445
3734
1187
6667
2500
9118
9529
2234
5873
9992
5684
9156
3479
5896
5268
249
4011
7702
7353
2491
2228
4863
6422
3237
9554
7977
9359
9433
